301

923

953

938

1015

968

1033

1019

940

911

33

959

933

126

954

945

1073

964

927

963

926

945

946

1014

964

1034

1017

930

904

294

948

911

304

948

944

1075

943

928

952

952

1003

1049

958

1048

1049

1000

487

931

960

589

932

956

1010

1071

964

939

963

993

1037

502

1057

1057

993

968

956

112

946

952

124

993

1072

112

498

281

587

991

805

780

864

986

935

1003

975

940

1000

846

861

997

975

997

1046

773

753

982

1043

1019

1044

1032

1017

1048

968

833

1040

1049

1036

1045

1064

1005

991

971

487

954

976

492

986

1076

486

524

487

732

1009

1058

1028

1053

1047

1030

1059

1004

873

1055

1051

1064

1011

1049

1014

1058

1046

1011

1061

982

823

1054

1065

1062

989

945

1003

974

928

995

889

1065

998

969

1006

919

969

584

911

970

988

1075

965

940

976

959

929

135

959

947

1066

961

927

963

944

954

81

998

1082

15

496

252

931

957

983

1071

939

931

965

958

944

1070

962

916

957

1003

1087

82

492

255

1017

995

966

989

1078

1087

1087

488

250

498

